# Lesson 0

7+8
x <- 7+8
x

